{
  "advancedEditorSelectedIdentifier" : "ProjectBrowser",
  "openSceneRelativePaths" : [
    "Scene.usda"
  ],
  "recentIdentifiers" : {

  },
  "sceneCameraHistory" : {
    "26DBAE76-5DD8-47B6-A085-1B4ADA111097" : [
      {
        "date" : 714637305.06689501,
        "title" : "Untitled",
        "transform" : [
          0.99878400564193726,
          2.6755533344413607e-09,
          -0.049299903213977814,
          0,
          -0.049114268273115158,
          0.086696088314056396,
          -0.99502348899841309,
          0,
          0.0042741782963275909,
          0.99623477458953857,
          0.086590684950351715,
          0,
          0.078510046005249023,
          1.7553446292877197,
          0.20776796340942383,
          1
        ]
      },
      {
        "date" : 714637298.81661999,
        "title" : "Untitled",
        "transform" : [
          0.99987947940826416,
          3.3889662187647218e-09,
          -0.015526866540312767,
          0,
          -0.0071029341779649258,
          0.88922947645187378,
          -0.45740631222724915,
          0,
          0.013807022944092751,
          0.45746147632598877,
          0.88912224769592285,
          0,
          0.055220659822225571,
          0.524586021900177,
          1.3904752731323242,
          1
        ]
      },
      {
        "date" : 714637289.67743099,
        "title" : "Untitled",
        "transform" : [
          0.99987936019897461,
          3.388965774675512e-09,
          -0.015526864677667618,
          0,
          -0.0071029341779649258,
          0.88922947645187378,
          -0.45740631222724915,
          0,
          0.013807022944092751,
          0.45746147632598877,
          0.88912224769592285,
          0,
          0.078737363219261169,
          0.5404321551322937,
          2.2349045276641846,
          1
        ]
      },
      {
        "date" : 714637107.64064801,
        "title" : "Untitled",
        "transform" : [
          0.99884337186813354,
          3.4884313215854945e-09,
          0.048081420361995697,
          0,
          0.017855603247880936,
          0.92848831415176392,
          -0.37093210220336914,
          0,
          -0.044642962515354156,
          0.37136164307594299,
          0.92741447687149048,
          0,
          -0.018902035430073738,
          0.42428499460220337,
          0.94123512506484985,
          1
        ]
      },
      {
        "date" : 714637097.01857305,
        "title" : "Untitled",
        "transform" : [
          0.70485728979110718,
          1.2540555260898145e-08,
          0.70934921503067017,
          0,
          -0.70891708135604858,
          0.03489958867430687,
          0.70442795753479004,
          0,
          -0.024755926802754402,
          -0.99939084053039551,
          0.024599265307188034,
          0,
          -0.021852325648069382,
          -0.58276045322418213,
          0.043161522597074509,
          1
        ]
      },
      {
        "date" : 714637053.73749995,
        "title" : "Untitled",
        "transform" : [
          0.68331944942474365,
          1.2540555260898145e-08,
          0.73011958599090576,
          0,
          -0.7296748161315918,
          0.03489958867430687,
          0.6829032301902771,
          0,
          -0.025480806827545166,
          -0.99939084053039551,
          0.023847604170441628,
          0,
          -0.02109234593808651,
          -0.53637456893920898,
          0.041616354137659073,
          1
        ]
      },
      {
        "date" : 714637051.60252702,
        "title" : "Untitled",
        "transform" : [
          0.8740236759185791,
          1.2540555260898145e-08,
          0.48588332533836365,
          0,
          -0.48558735847473145,
          0.03489958867430687,
          0.87349128723144531,
          0,
          -0.016957057639956474,
          -0.99939084053039551,
          0.030503083020448685,
          0,
          -0.0066861566156148911,
          -0.53637456893920898,
          0.05024295300245285,
          1
        ]
      },
      {
        "date" : 714637045.35184002,
        "title" : "Untitled",
        "transform" : [
          0.9950486421585083,
          -2.8753261993585966e-09,
          -0.099388860166072845,
          0,
          -0.027195775881409645,
          0.96183502674102783,
          -0.27227526903152466,
          0,
          0.095595799386501312,
          0.27363008260726929,
          0.95707261562347412,
          0,
          0.10481393337249756,
          0.6189882755279541,
          0.84595930576324463,
          1
        ]
      },
      {
        "date" : 714637033.60221696,
        "title" : "Untitled",
        "transform" : [
          0.99910765886306763,
          -2.0981532067310127e-09,
          0.042236607521772385,
          0,
          -0.0035742451436817646,
          0.99641293287277222,
          0.084549039602279663,
          0,
          -0.042084962129592896,
          -0.084624581038951874,
          0.99552375078201294,
          0,
          -0.017303572967648506,
          0.30054947733879089,
          0.88926351070404053,
          1
        ]
      },
      {
        "date" : 714637002.67264497,
        "title" : "Untitled",
        "transform" : [
          0.99972420930862427,
          5.9170585098300421e-10,
          -0.023484943434596062,
          0,
          0.0047087930142879486,
          0.97969305515289307,
          0.20044803619384766,
          0,
          0.023008037358522415,
          -0.20050333440303802,
          0.97942280769348145,
          0,
          0.042873062193393707,
          0.18554140627384186,
          0.94088828563690186,
          1
        ]
      }
    ]
  }
}